$ANSIBLE_VAULT;1.1;AES256
61666562663431663838653237396437616636373332343537346432666436333831646631333830
3962313232316632343734353164663431663462383730370a396530323065613033323665336536
64633534303965616130623465643937393564313030656335326134333132653963653466316333
3065613237313438650a303963383634306133646437626138363264613930386438326431666134
65333262383561333136363936356465376531383138356437626234363631333063386630653634
62376431633530326333646233643866653335356363333630653366393131653238396137393230
35396466376435623132376637383739363231383864366663303465376465363039623164353832
66363431623461663164303435306461613135613363313431393336636662303737336632633364
39356334333763396134343832626566633264386366613333383536323831663863633162663065
63336335333165656164396164623033663739613730363165373162613633346365323839626564
32383765343936613331666362626537643138326166643335656631303264643733656133303634
36336136396237383264653133663631626266396231383633386663346533653032666136643831
63373431643435623361313265313466393063656366646639656636613466303561343561643135
30646363613339626364643661383866356166616164656131663962333834356261613364323636
32383738363930353464336163613862626532666339353366393736666230616664633264333865
39323937306437373634626361373763336362653436353230623031333066393030326236636362
39643363336135323663643731656437663039336162363936383531313466333731
